280,238
281,237
281,236
281,235
281,234
281,233
282,232
282,231
282,230
282,229
283,228
283,227
284,226
284,225
285,224
285,223
286,222
286,221
287,220
287,219
288,218
289,217
290,216
291,215
291,214
292,213
293,212
294,211
295,210
296,209
297,208
298,207
299,207
300,206
301,205
302,204
303,203
304,202
305,201
306,201
307,200
308,199
309,198
310,198
311,197
312,196
313,195
314,195
315,194
316,193
317,193
318,192
319,191
320,191
321,190
322,189
323,188
324,187
325,186
326,185
327,184
328,183
329,182
330,181
330,180
331,179
332,178
333,177
334,176
335,175
335,174
336,173
337,172
338,171
338,170
339,169
340,168
341,167
341,166
342,165
343,164
344,163
344,162
345,161
346,160
347,159
348,158
348,157
349,156
350,155
351,154
352,153
353,152
354,151
355,150
356,149
357,148
358,147
359,146
360,145
361,144
362,143
363,142
364,141
365,140
366,139
367,138
368,137
369,136
370,135
371,134
372,133
373,133
374,132
375,132
376,132
377,131
378,132
378,133
378,134
378,135
378,136
378,137
378,138
378,139
378,140
377,141
377,142
377,143
377,144
377,145
376,146
376,147
376,148
376,149
376,150
375,151
375,152
375,153
375,154
374,155
374,156
374,157
374,158
373,159
373,160
373,161
372,162
372,163
372,164
371,165
371,166
370,167
370,168
369,169
369,170
368,171
368,172
367,173
366,174
366,175
365,176
364,177
363,178
362,179
361,180
360,181
359,182
358,183
357,184
356,184
355,185
354,186
353,186
352,187
351,188
350,189
349,190
349,191
348,192
348,193
348,194
348,195
348,196
349,197
349,198
350,199
350,200
351,201
352,202
353,203
354,204
355,205
356,206
357,207
358,208
358,209
359,210
359,211
360,212
360,213
360,214
361,215
361,216
361,217
362,218
362,219
362,220
363,221
364,222
364,223
365,224
365,225
366,226
367,227
367,228
368,229
369,230
369,231
370,232
371,233
372,234
373,235
374,236
375,237
375,238
376,239
377,240
378,240
379,241
380,242
381,243
382,244
383,245
384,246
385,247
386,247
387,248
388,249
388,250
389,251
390,251
391,252
392,253
393,254
393,255
394,256
395,257
396,258
397,259
398,260
398,261
399,262
400,263
401,264
402,265
403,265
404,266
405,267
406,268
407,269
408,269
409,270
410,270
411,271
412,271
413,272
414,273
415,273
416,274
417,275
418,276
419,277
420,278
421,279
422,279
423,280
424,281
425,282
425,283
426,284
427,285
428,286
429,287
430,288
430,289
431,290
432,291
432,292
433,293
434,294
435,295
436,296
436,297
437,298
438,299
439,300
440,301
441,301
442,302
443,303
444,304
445,304
446,305
447,306
448,307
449,308
450,309
451,310
452,311
452,312
453,313
454,314
455,315
456,316
456,317
457,318
458,319
458,320
459,321
460,322
460,323
461,324
461,325
462,326
463,327
463,328
464,329
464,330
465,331
465,332
465,333
466,334
466,335
466,336
467,337
467,338
467,339
467,340
467,341
467,342
467,343
467,344
467,345
467,346
467,347
468,348
468,349
468,350
468,351
468,352
468,353
468,354
468,355
468,356
469,357
470,357
471,356
472,356
473,356
474,356
475,356
476,356
477,356
478,356
479,356
480,357
481,357
482,358
483,358
484,359
485,360
486,361
487,362
487,363
488,364
488,365
489,366
489,367
489,368
489,369
490,370
490,371
490,372
490,373
490,374
491,375
491,376
491,377
491,378
491,379
491,380
491,381
490,382
490,383
490,384
490,385
490,386
490,387
489,388
489,389
489,390
489,391
488,392
488,393
488,394
487,395
487,396
486,397
486,398
485,399
484,400
484,401
483,402
482,403
481,404
480,405
479,406
478,406
477,407
476,407
475,408
474,408
473,409
472,409
471,409
470,409
469,409
468,409
467,410
466,409
465,409
464,409
463,409
462,409
461,408
460,408
459,408
458,407
457,407
456,406
455,406
454,406
453,405
452,404
451,404
450,404
449,403
448,403
447,403
446,403
445,404
444,404
443,405
443,406
442,407
442,408
442,409
442,410
442,411
442,412
441,413
441,414
441,415
441,416
441,417
441,418
441,419
440,420
440,421
439,422
438,423
437,424
436,424
435,425
434,425
433,426
432,426
431,426
430,426
429,427
428,427
427,427
426,427
425,427
424,427
423,428
422,428
421,428
420,428
419,428
418,428
417,427
416,427
415,427
414,427
413,427
412,427
411,427
410,427
409,427
408,427
407,426
406,426
405,426
404,426
403,426
402,426
401,426
400,425
399,425
398,425
397,425
396,425
395,425
394,424
393,424
392,424
391,424
390,424
389,424
388,423
387,423
386,423
385,423
384,423
383,423
382,423
381,422
380,422
379,422
378,422
377,422
376,422
375,422
374,422
373,422
372,421
371,421
370,421
369,421
368,421
367,421
366,421
365,421
364,421
363,421
362,421
361,421
360,421
359,421
358,421
357,421
356,421
355,421
354,421
353,421
352,422
351,422
350,422
349,422
348,422
347,422
346,422
345,422
344,422
343,422
342,423
341,423
340,423
339,423
338,423
337,423
336,423
335,423
334,423
333,423
332,423
331,423
330,423
329,423
328,423
327,423
326,422
325,422
324,422
323,421
322,421
321,420
320,419
319,418
319,417
318,416
318,415
318,414
318,413
318,412
319,411
319,410
319,409
320,408
320,407
321,406
322,405
322,404
323,403
324,402
325,401
326,401
327,400
328,399
329,399
330,399
331,399
332,399
333,399
334,399
335,399
336,399
337,399
338,399
339,400
340,400
341,400
342,401
343,401
344,401
345,402
346,402
347,402
348,403
349,403
350,403
351,404
352,404
353,404
354,405
355,405
356,405
357,406
358,406
359,406
360,406
361,407
362,407
363,407
364,407
365,408
366,408
367,408
368,408
369,408
370,409
371,409
372,409
373,409
374,409
375,409
376,410
377,410
378,410
379,410
380,410
381,410
382,410
383,410
384,410
385,410
386,409
387,409
388,409
389,408
390,407
391,406
392,405
392,404
393,403
393,402
393,401
393,400
393,399
393,398
392,397
392,396
391,395
390,394
390,393
389,392
388,391
387,390
386,390
385,389
384,388
383,387
382,386
382,385
381,384
380,383
379,382
378,381
378,380
377,379
376,378
376,377
375,376
375,375
375,374
374,373
374,372
373,371
373,370
373,369
373,368
372,367
372,366
372,365
372,364
372,363
372,362
372,361
372,360
372,359
372,358
371,357
371,356
371,355
371,354
370,353
370,352
370,351
370,350
369,349
369,348
369,347
369,346
369,345
368,344
367,344
366,345
365,346
364,347
364,348
363,349
363,350
362,351
362,352
361,353
361,354
360,355
360,356
359,357
359,358
358,359
358,360
357,361
356,362
355,363
354,363
353,364
352,364
351,364
350,364
349,364
348,364
347,364
346,363
345,363
344,362
343,361
343,360
342,359
342,358
342,357
343,356
343,355
343,354
344,353
344,352
345,351
345,350
346,349
346,348
347,347
348,346
348,345
349,344
350,343
350,342
351,341
351,340
351,339
352,338
352,337
352,336
352,335
351,334
351,333
350,332
349,331
348,331
347,330
346,330
345,330
344,330
343,331
342,332
341,332
340,333
339,334
339,335
338,336
338,337
337,338
337,339
336,340
336,341
336,342
335,343
335,344
334,345
334,346
334,347
333,348
333,349
332,350
331,351
330,352
329,352
328,353
327,353
326,353
325,353
324,352
323,352
322,352
321,351
320,350
319,350
319,349
318,348
318,347
318,346
318,345
318,344
318,343
318,342
319,341
319,340
319,339
320,338
320,337
321,336
321,335
322,334
322,333
323,332
324,331
324,330
325,329
326,328
326,327
327,326
328,325
329,324
329,323
330,322
331,321
332,320
333,319
334,318
334,317
335,316
336,315
337,314
338,313
339,312
340,311
341,310
342,309
343,308
343,307
344,306
344,305
344,304
344,303
344,302
343,301
343,300
342,299
341,298
340,297
339,296
338,295
337,294
336,294
335,293
334,292
333,291
333,290
332,289
332,288
331,287
330,286
329,285
328,284
328,283
327,282
327,281
326,280
325,279
325,278
324,277
324,276
323,275
323,274
322,273
322,272
321,271
321,270
321,269
320,268
320,267
320,266
319,265
319,264
318,263
318,262
318,261
317,260
317,259
317,258
317,257
316,256
316,255
316,254
315,253
314,253
313,253
312,253
311,253
310,254
309,254
308,254
307,254
306,254
305,254
304,254
303,254
302,254
301,254
300,254
299,254
298,254
297,254
296,254
295,254
294,254
293,254
292,253
291,253
290,253
289,252
288,252
287,251
286,251
285,250
284,249
283,248
282,247
282,246
281,245
281,244
281,243
281,242
280,241
280,240
280,239
280,238
